300
426353353313654732 649344895092905475
665452468848499882 414274297983778783
927303911835113468 245815048836165046
619080244903604667 898364185455491526
982803834106824445 502186275383100362
185871453603146556 682569361296069650
665028724329581583 203270520456122890
934331690966111274 51925948930583784
989193353140105637 828882896545263788
338752541683869568 380068885642940831
63169102373951231 466705818945475590
976965361122000357 40758949271358489
508237874740013223 450197010855244585
366490979262710145 969354044825644755
387988578548343547 981309066823812725
773251712236587218 603802463022484434
654429241378723787 122347421304921041
560118697220587329 419952855484982415
386921330172373495 726339109596253553
303465817348829457 109270249200074294
892324758412411714 323595835533505327
299048772140855934 823357655506084563
296251485383149791 185289852151978045
920882214932337906 686726875420212313
824114402280592607 639127690388732665
810532986606869250 779826949825926005
11989066188234674 746433693313732556
180926942915851864 238165449151504190
303971444024408154 167587858619402907
11481622234314607 160608248848666831
344209591190441095 200722541859663871
774487967145379964 307950613396002644
918481643885118958 676291821688168274
705909274150084624 436185195636425623
136406943725858030 593419045090184576
645762313155238048 680390688509937096
72587276031370879 352103393998359934
393150581843367430 601817628435906506
940840155651105023 584630846207795627
512931360170973067 619225969999685213
631366297032235497 859535624636518282
357123635204828839 731663284932931247
783172245489331471 874644268025752941
137655809625738521 76240425368651443
958420835220249333 756066364496329093
116393849198673517 671278780751152794
811842737270683686 71772069663144541
709295097118111894 707091441980038065
69545849907315737 763143309979923638
555707290700118947 920373981824098368
248643293503175250 922648807185450170
112640544139517077 506807319807993099
327513129788017382 649309671333506176
628042973617260747 146909317682595016
28431813686884944 996889196251577287
688602460114370613 97489906261186045
884362331241829159 99529296771804267
53479153615007577 476062988671300772
794368744974773013 835935015185945984
582643919928235466 83056427443380250
205999599805142189 332330670264117975
997579347256260045 585693554924244253
427868008090209968 203525792852116321
778622549396048332 752889015336130283
276914945111858664 872444418128341637
454987734480229575 830997018299502904
88678317366155545 73486651814531816
337387742266011736 175482925685393558
220965618413538740 847600317917354509
657260142074078155 327426681950718162
759331696809755981 314864745517704980
593333095207387231 13586021408444778
630313421183768745 109368192343742231
45418102306324164 192122131409686462
757351476292481036 961539691718989259
623701002750741419 469364918306630004
583803178781593764 357111929003090793
963968328798876348 586062409968617915
775856103326266008 13347596720978271
574261099071675505 134345400977409163
628871738534338826 542278344397217150
950587886792817157 722121773334705538
618003330433278555 826879979300048737
765505055834102376 278509775419239879
140513307119434409 213053743162291396
21724838779317667 432072168695002713
98543323903651063 913528902442519960
451730066146915595 217001037799995728
742012610504646442 526194520697989531
59726163666102839 873637176349259752
10080878429449454 314662493984167940
187784589233961875 173348742568567367
904030331115921427 750496321810938279
664798554671151912 916337831504988775
561011955600619254 919007019215921173
739526926564928045 913888159764591380
652380654670690695 474222860651951575
528318109533833876 98061076210385637
448889789573352313 970993791819781834
542574248880300824 746738272748575627
262530419862994990 209614828040297962
102787632684538596 575655100236860882
815854988145441587 835874661654997303
937373347120760080 905138801756358122
259022843270568990 231537042431185844
366272618604460609 839308234461215786
457290001406321782 445498321583151915
965808659755186946 345039295707859571
536236667957223690 846059521298400463
239260855255172739 268422930711620274
205120860939536590 493929464718958377
991553367807089605 252385230233175445
728279319447943947 237875745727177555
655410739088940127 741592808265767227
733393214412117312 412464423680643121
78205408120676373 839586135415608660
412240104135938592 230968519738398774
471122632218303313 262878722759254973
926709073998819129 621002656910701088
550640177846097841 326516728705497820
827878997984807619 248557249786773774
558678162722302142 74235905279265577
375768461521018075 319345777917179362
908986945463630433 819070079181225926
167910121579564991 986019023609144187
60289401744963639 678545889661514046
708052340279486763 416131442527058802
185911408904639957 580334452724779057
575189694811029185 749588862348866994
293622325845900174 897174381690115232
850517828997044075 290260266599834953
32805510403714320 19648858343360962
622447661372545596 305327698569625250
493350223838962591 174981006399544137
174333305541127823 802158725746078493
731317725796861110 447600043223878372
523273668890724252 523768606820580033
604762666575356929 475269119807076118
338487856911837596 73627602931464160
787868366800087551 898761488575523694
952079649559568568 674491922398676558
988438994965306850 762599984984474256
270676602826392315 928687254357883456
714070198257705788 862672934164817172
930429788207209620 827521257325202952
587830309556948337 243378759464972959
939401009299196773 486898778916492555
956368556590726493 313460351979181799
692705601019896632 511628032625594796
574131598312341545 221129595451509018
172463349125835145 893923047337254423
163336299115419214 803103997962060525
237785921727807343 176927526057232081
562363490766271630 360264171959939323
155388124793067131 824413655331819253
975936856981756461 739186159678200583
701247875394953962 333565695459121293
460380292871215866 765993940841381168
919190460115946648 860751484045986511
532736599353633312 796406518070142188
94324710122542429 685484955462882378
740462510060312571 248823198265295540
30588918843458648 773333992244043599
691492183391998865 971537498040780741
665926453723065561 596133382414835762
697580816061533851 724479024446197707
98111416480268305 383767274348765089
1399901070236930 651313157615623667
785469994050662667 358749522937124570
398928840563866624 976908258250457487
618429837786487242 232600838931831994
112043107899635575 867902901422148256
412074494022562127 114213366768818976
240929575800793215 585992533329000002
721067464436132351 699387954524871831
194928693281902224 201245798105631918
652880206017985274 90668629243394129
805547824603045689 531385889404474030
56420966258561358 991905857936212571
239933785161611211 355332116303763363
876029327986756840 550264458953028763
479987537060319884 250680169880131581
714698363355858444 778199233537780696
861214392466597904 111348547447940384
389251601819235185 148051308193790982
185848099957065024 879951443828696847
79822662286986303 9913210783949416
951028635496399776 373569955064658019
486438031930178660 494343809580323522
236049765002276429 234017306549393947
605395725194785960 861446695531824840
387053520146293934 256702909523499207
535909096368898662 276495910886793730
374473863729399664 613952750539866459
707931663761410968 459788045750967153
188947558288506902 742976674486045621
609582775547337597 267971255599625328
54551422611588663 710964256008127871
670519415317141153 256189199755404897
766031088942603719 842044649052496608
312196675497832369 655662107242905868
573984654206587061 440128885494849369
95096558905358489 799599358725321048
554660799162136428 363165674116053739
494427969260025779 577733938781264030
478766543302181514 832117577543410157
102460386663768294 351720374923981477
595120938697057790 534454667382663203
748027637580267269 304597432607767210
10093675923037458 972638897168575039
29657590962953467 654139903727820756
180345662942500329 830689713706513580
678214767060356278 222330681270866392
330704635398908004 300844089254225068
498906267969892318 547979057418773769
542958975928657125 986130492371024376
122057939949817493 436807670222967751
704447204949444848 965218442051529186
610129239287894241 482079645632197330
936500738782443841 748065031597499947
81621927641644037 22067359526616750
583873146132299999 65748194492607922
896705025597633215 785685493955718084
73616540243592020 881252420496069456
24470775298356570 920573670053619389
393628935698215899 498263281238456674
466520369215341463 807375614354183389
699148637050743330 614558388721009019
363715175751909599 787781131240488329
491241460620768952 441964443220719522
518185030609749898 61412647660367883
626266768934420595 368165466277053628
30430178617116220 553355487957757121
388892063930016354 205213884798239757
427936222074610572 17121259718673001
969943264704823938 922299547664357798
156229663993960688 401572933761249357
794247451077809755 275289659943575140
503340884163963066 588699491295273295
130333255086614771 230639014597494037
170964753073949718 427097852080815284
320937496579866099 816660921900872042
675696698251654213 424011180527575491
955080529984329379 42028780990963992
808543659778609701 606009125466124344
757765795102899016 49661993180488191
820491340588870149 525373895127587839
306939636717283267 702248432874672900
758981542877517951 770325277181644372
831363843217265742 59970118662510963
766383235054524808 453857035655261698
510044588467589783 283804698993625915
435126757316070383 788685908113502501
956777823238775549 349704047294692694
786407563690756617 706961060020564875
677615426071505056 475042339321016721
652215372491147153 666219723930731794
156131353192987240 611074619786596277
102844904276180293 401845807058271467
798725858521269894 147936458308871261
980705381970150114 274234262144636197
924578489405589295 884813675759158190
258212643533992879 323963646572680741
612031592837290510 216144542910102737
368962411091546286 674453897082302091
734123809861539324 373499685483732711
760098024971374608 294770931202570235
637298059614791251 318939002645409797
620401078328582406 482901028567024521
134776285028254382 263556037018159220
680185286286184305 889935463240623515
869100487785361315 76094980352669527
510657464908591030 418173999378325775
648525533331872962 826577495964291802
381255683558013639 472651595048154302
809525076715034350 908286678286641472
930237697357605964 486323913196771594
456470937431542133 871712305634530132
454792107573294409 737653555907222406
565219026085637346 744120726321382164
259554537725150525 673205481521507291
961580894734011968 914452663875713218
788748741566109090 666026214335068040
104182082454445632 926807137983750943
889121718730552808 265209234995121056
592474969685585584 255950647766819127
508811624122444726 189036452675829060
556433963439294517 928877311047688662
972211104432410460 214043976896773941
201012920541116725 480873789485625235
42708704212795601 619495855095307980
165282926893260229 323240513442947624
774503915553465474 658858181226682740
781219531650666781 883279204230423648
221192827082976149 510766117036398291
249619478513519240 235149656656194073
367678301770846987 255572366153938408
2447309289024602 102790720304116454
337535120992254422 462240563817643319
257911848499155904 1188063247846162
