100 100
49 -
0 -
66 -
78 +
75 +
28 +
78 -
35 -
52 +
42 +
45 -
29 +
95 +
25 -
6 -
58 -
88 +
82 +
25 +
81 -
97 +
54 +
45 +
85 +
76 -
29 -
47 -
35 -
39 -
12 +
97 -
4 +
18 -
59 +
28 +
77 -
1 -
80 +
47 -
9 -
7 -
23 -
73 +
55 -
60 +
72 +
74 +
12 -
79 +
92 +
23 -
57 +
45 -
48 +
98 -
96 +
21 -
77 +
31 -
30 -
38 -
94 -
94 -
44 -
48 -
65 +
42 -
50 -
95 +
30 +
31 +
5 +
90 +
70 -
10 -
78 +
17 -
94 -
95 +
61 -
95 -
49 +
34 -
64 +
73 +
50 -
59 +
9 +
86 -
39 +
80 -
27 -
73 -
39 -
67 -
73 -
94 -
77 -
25 +
42 -
100
0.685751 0.823298
0.670431 0.023041
0.762993 0.209845
0.189001 0.832636
0.036897 0.88348
0.871487 0.107059
0.953215 0.800501
0.468215 0.236244
0.918882 0.510086
0.521805 0.52266
0.735832 0.977935
0.520341 0.846095
0.232002 0.818354
0.826472 0.002106
0.870876 0.590838
0.412641 0.620624
0.620502 0.317179
0.934629 0.070833
0.864162 0.875759
0.173864 0.258675
0.632466 0.428694
0.380627 0.723167
0.939848 0.538957
0.548296 0.937712
0.505081 0.132694
0.150822 0.222968
0.638203 0.963775
0.374462 0.177038
0.574755 0.736351
0.374584 0.029633
0.038118 0.542222
0.589282 0.826319
0.312296 0.768548
0.64095 0.848811
0.604938 0.132481
0.856807 0.178472
0.983184 0.999542
0.93994 0.808008
0.662862 0.640614
0.822077 0.208411
0.932432 0.585437
0.22898 0.757591
0.492843 0.727592
0.990265 0.935972
0.49498 0.337779
0.624317 0.696493
0.055177 0.641591
0.230293 0.914304
0.530931 0.117985
0.217414 0.322977
0.337138 0.174718
0.904019 0.843226
0.585345 0.356944
0.516404 0.71044
0.325571 0.745293
0.619892 0.307382
0.673788 0.699576
0.512345 0.108127
0.604694 0.604663
0.612049 0.639668
0.692251 0.774285
0.37083 0.867092
0.578539 0.169378
0.744102 0.90933
0.452345 0.087436
0.748283 0.490677
0.318857 0.478256
0.138035 0.035371
0.341563 0.043214
0.73336 0.810633
0.03766 0.774194
0.428327 0.024903
0.608356 0.08768
0.413312 0.287606
0.184851 0.211402
0.640522 0.336222
0.272164 0.978668
0.065554 0.437208
0.170843 0.68746
0.695395 0.367229
0.658895 0.18012
0.973998 0.380474
0.714408 0.800165
0.537675 0.068667
0.560717 0.381787
0.870296 0.519913
0.815027 0.929655
0.890225 0.682516
0.021485 0.143529
0.000427 0.34019
0.350841 0.44554
0.632557 0.604999
0.746788 0.66509
0.816187 0.333842
0.301187 0.038759
0.805109 0.375195
0.139042 0.680441
0.291269 0.052156
0.594256 0.178716
0.237892 0.78811
